sample-data_taiko.txt   1 channel (mono)
Sample Rate: 8000 Hz. Sample values on linear scale.
Length processed: 3200 samples 0.40000 seconds.


0.18209
0.33281
0.27550
0.28999
0.26774
0.24583
0.16986
0.19607
0.18728
0.10040
-0.00334
-0.00843
0.06393
0.12050
0.13529
0.12630
0.08016
-0.01157
-0.16955
-0.29307
-0.36132
-0.47601
-0.47636
-0.39885
-0.36932
-0.41785
-0.48277
-0.47516
-0.35295
-0.18875
-0.10925
-0.11599
-0.12000
-0.09427
-0.04247
-0.00761
-0.03237
-0.08888
-0.16736
-0.24984
-0.28253
-0.30184
-0.29067
-0.21159
-0.10079
0.07180
0.24780
0.34084
0.38516
0.41839
0.42638
0.40217
0.35243
0.33237
0.35236
0.35352
0.30901
0.33132
0.46404
0.53062
0.45987
0.37082
0.36533
0.36354
0.34852
0.31366
0.21788
0.10459
0.02028
-0.02909
-0.10516
-0.18720
-0.24026
-0.26229
-0.27394
-0.30751
-0.32352
-0.26494
-0.13418
-0.00656
0.05478
0.04553
-0.00891
-0.05559
-0.04959
-0.00187
0.06193
0.10636
0.09162
0.07279
0.10190
0.15439
0.22300
0.33675
0.42197
0.42365
0.33734
0.21660
0.12980
0.04200
-0.04121
-0.12997
-0.23105
-0.32820
-0.37971
-0.40425
-0.43577
-0.49495
-0.55409
-0.60617
-0.66203
-0.71088
-0.74319
-0.74898
-0.70467
-0.59102
-0.49315
-0.38561
-0.30572
-0.25488
-0.19091
-0.17069
-0.18366
-0.19637
-0.18551
-0.15734
-0.12456
-0.05529
0.02497
0.11208
0.20622
0.27017
0.32113
0.35474
0.34090
0.26374
0.18278
0.11862
0.07948
0.06260
0.03774
0.01668
0.03524
0.06284
0.07092
0.06536
0.07839
0.13333
0.17791
0.20801
0.24299
0.27322
0.27996
0.29902
0.35504
0.42385
0.47529
0.52617
0.56273
0.57116
0.58126
0.60574
0.65403
0.67479
0.64040
0.54668
0.44058
0.36199
0.33615
0.34925
0.33944
0.29687
0.22435
0.17669
0.14734
0.10960
0.04940
-0.02461
-0.07384
-0.09550
-0.12242
-0.19577
-0.29451
-0.34893
-0.34364
-0.29859
-0.22709
-0.16523
-0.13203
-0.10615
-0.06416
-0.03990
-0.02428
-0.05581
-0.14362
-0.26337
-0.39426
-0.51176
-0.57083
-0.58324
-0.62207
-0.64908
-0.66645
-0.65667
-0.62107
-0.55654
-0.52601
-0.52938
-0.57201
-0.59963
-0.56488
-0.56149
-0.54152
-0.49763
-0.44923
-0.39871
-0.31291
-0.24212
-0.23541
-0.21637
-0.14754
-0.09078
-0.05382
-0.08214
-0.10303
0.00798
0.19880
0.36508
0.45413
0.47878
0.46624
0.46623
0.41696
0.31468
0.22450
0.18826
0.17615
0.16236
0.11471
0.07142
0.06138
0.05892
0.10381
0.21044
0.35109
0.46186
0.53743
0.60422
0.64309
0.63878
0.61642
0.61423
0.60632
0.55796
0.50501
0.43727
0.38658
0.34791
0.33568
0.36001
0.34784
0.28753
0.22899
0.21206
0.21873
0.21609
0.18768
0.12313
0.05294
-0.00477
-0.07812
-0.17279
-0.27021
-0.34223
-0.40400
-0.45849
-0.49634
-0.51243
-0.49394
-0.42687
-0.35992
-0.30750
-0.24749
-0.17277
-0.10485
-0.05067
-0.00803
0.01160
0.01477
0.03677
0.08877
0.12359
0.17017
0.18720
0.15837
0.12151
0.07099
0.00794
-0.03115
-0.06669
-0.12707
-0.15771
-0.16976
-0.19167
-0.23097
-0.27506
-0.30938
-0.34137
-0.37952
-0.42984
-0.50123
-0.56361
-0.60453
-0.59449
-0.53918
-0.47833
-0.38317
-0.27439
-0.20731
-0.19626
-0.16827
-0.13044
-0.10307
-0.09253
-0.06532
-0.03220
-0.02514
-0.04404
-0.06641
-0.02431
0.00692
0.01839
-0.00544
-0.06568
-0.14072
-0.16978
-0.13774
-0.07993
-0.01234
0.05781
0.14715
0.23416
0.30837
0.40918
0.54386
0.64200
0.67461
0.64605
0.64099
0.65844
0.69588
0.73987
0.75214
0.72712
0.70299
0.67190
0.60715
0.52795
0.43929
0.34887
0.25782
0.19286
0.13766
0.09828
0.06636
0.03849
0.00780
-0.02441
-0.05803
-0.09230
-0.16042
-0.22191
-0.23345
-0.23999
-0.22921
-0.19709
-0.16264
-0.14661
-0.11797
-0.06941
-0.02915
-0.01544
-0.04807
-0.08823
-0.13064
-0.18529
-0.19161
-0.19669
-0.22499
-0.29137
-0.38248
-0.44953
-0.50378
-0.53209
-0.58366
-0.64521
-0.67230
-0.66376
-0.62961
-0.56184
-0.46489
-0.39587
-0.35308
-0.31512
-0.29846
-0.27807
-0.23479
-0.18452
-0.13334
-0.09160
-0.05832
0.00305
0.06554
0.08857
0.09469
0.08362
0.08420
0.09420
0.09774
0.07230
0.06353
0.08267
0.11117
0.16284
0.20810
0.23986
0.25664
0.27566
0.28010
0.29829
0.31205
0.29839
0.25571
0.20860
0.20360
0.21433
0.22310
0.23043
0.21990
0.20938
0.21061
0.23617
0.29419
0.32492
0.37043
0.41587
0.44817
0.47814
0.46914
0.47255
0.47800
0.46364
0.44937
0.41704
0.36835
0.28995
0.20012
0.14062
0.10011
0.07761
0.04738
0.00213
-0.03494
-0.07229
-0.10358
-0.11434
-0.10840
-0.10423
-0.10318
-0.11121
-0.13921
-0.18933
-0.23167
-0.25136
-0.24619
-0.19283
-0.15997
-0.13212
-0.09857
-0.07273
-0.04212
-0.02458
-0.01388
-0.01335
-0.04293
-0.07763
-0.13023
-0.20196
-0.26151
-0.36276
-0.49804
-0.60574
-0.63379
-0.66755
-0.67391
-0.66079
-0.64355
-0.54923
-0.45791
-0.43719
-0.45632
-0.45652
-0.43721
-0.42038
-0.43006
-0.43548
-0.43142
-0.38508
-0.29404
-0.20539
-0.13931
-0.10212
-0.07646
-0.04166
0.00039
0.08778
0.16032
0.19941
0.24060
0.27055
0.29041
0.28118
0.25644
0.20558
0.15558
0.11492
0.11043
0.12544
0.14984
0.17145
0.18396
0.19846
0.21407
0.23012
0.25242
0.29128
0.32672
0.38041
0.44422
0.50022
0.57174
0.61990
0.62010
0.63272
0.64334
0.64693
0.60811
0.56118
0.51122
0.42271
0.35827
0.29925
0.24066
0.22405
0.22178
0.18832
0.17527
0.16415
0.11993
0.09108
0.05741
0.01596
-0.01546
-0.03128
-0.02256
-0.00075
0.03246
0.07994
0.11568
0.12387
0.11062
0.10408
0.11536
0.11284
0.09770
0.06382
0.02323
-0.04069
-0.11240
-0.18289
-0.24495
-0.29937
-0.35974
-0.40479
-0.44119
-0.49630
-0.58976
-0.65283
-0.69588
-0.74220
-0.77887
-0.81865
-0.84395
-0.86891
-0.86717
-0.80267
-0.70740
-0.60636
-0.52694
-0.44276
-0.33145
-0.20324
-0.08548
0.01943
0.08486
0.10048
0.10722
0.09842
0.09690
0.08380
0.07401
0.08738
0.09215
0.09650
0.13174
0.16781
0.19097
0.21270
0.21314
0.18418
0.10812
0.03715
0.00625
-0.02730
-0.06723
-0.07860
-0.04616
-0.00566
0.03225
0.07511
0.10335
0.14909
0.20037
0.21574
0.22125
0.22735
0.23326
0.24429
0.26362
0.30117
0.34173
0.37608
0.39362
0.39624
0.41710
0.44419
0.45638
0.43161
0.39069
0.36409
0.34645
0.35377
0.36064
0.35754
0.34592
0.30582
0.27861
0.25043
0.19587
0.13902
0.08247
0.02868
-0.04001
-0.10585
-0.16006
-0.19431
-0.20109
-0.18112
-0.15741
-0.15368
-0.14455
-0.11046
-0.05098
-0.01821
-0.00726
-0.00940
-0.00839
0.00059
0.00109
0.00382
0.00466
-0.00323
-0.04865
-0.10811
-0.15271
-0.17896
-0.20232
-0.21942
-0.22757
-0.23104
-0.24504
-0.27740
-0.31553
-0.37285
-0.41359
-0.45186
-0.50134
-0.52545
-0.53904
-0.55393
-0.53527
-0.47271
-0.40970
-0.35505
-0.30143
-0.24342
-0.19712
-0.16746
-0.14255
-0.12161
-0.08903
-0.04443
0.00146
0.03708
0.06530
0.08097
0.09772
0.08604
0.05826
0.03142
-0.01221
-0.05655
-0.11447
-0.16923
-0.19197
-0.16542
-0.12039
-0.05544
0.02021
0.09962
0.18156
0.26149
0.33568
0.37995
0.39246
0.38973
0.39419
0.41574
0.45053
0.48849
0.53815
0.56759
0.57720
0.56559
0.55315
0.54484
0.52094
0.49073
0.45086
0.41769
0.39815
0.39013
0.36238
0.28328
0.17490
0.08105
0.01227
-0.02961
-0.04362
-0.05317
-0.06534
-0.06391
-0.04497
-0.02951
-0.01764
0.00363
0.01104
0.00359
-0.01029
-0.03794
-0.07120
-0.09766
-0.11378
-0.11822
-0.12097
-0.12900
-0.14818
-0.16899
-0.19318
-0.21331
-0.23352
-0.26494
-0.28006
-0.28993
-0.29935
-0.31223
-0.33582
-0.34670
-0.34902
-0.35961
-0.37104
-0.38070
-0.38840
-0.38122
-0.36131
-0.36609
-0.38085
-0.38076
-0.37692
-0.36967
-0.34859
-0.32345
-0.28267
-0.23060
-0.18057
-0.13057
-0.09413
-0.06173
-0.03400
-0.01095
0.00528
0.01637
0.02021
0.01380
0.01934
0.04472
0.06404
0.08333
0.08721
0.08068
0.07263
0.07548
0.09749
0.12401
0.14855
0.17335
0.20701
0.23965
0.26506
0.26861
0.28507
0.30444
0.31040
0.30062
0.28507
0.28205
0.28576
0.29532
0.29401
0.30271
0.32444
0.34614
0.36664
0.36958
0.35170
0.33118
0.32034
0.30410
0.28488
0.26016
0.22417
0.17966
0.12534
0.07487
0.03155
-0.01793
-0.06510
-0.10707
-0.14308
-0.17988
-0.19788
-0.17471
-0.14877
-0.11363
-0.08813
-0.08023
-0.07152
-0.06101
-0.05002
-0.04753
-0.04296
-0.03588
-0.03603
-0.04642
-0.06134
-0.07614
-0.07721
-0.06562
-0.07074
-0.08265
-0.09939
-0.11288
-0.11608
-0.13259
-0.15046
-0.17268
-0.20510
-0.22914
-0.23307
-0.22083
-0.20283
-0.19110
-0.17813
-0.17645
-0.18363
-0.19542
-0.20782
-0.19781
-0.17277
-0.13857
-0.10207
-0.06966
-0.02873
0.02490
0.06957
0.09681
0.10552
0.10075
0.08558
0.05937
0.03624
0.01329
-0.01521
-0.05260
-0.09724
-0.13756
-0.16364
-0.16638
-0.15869
-0.14741
-0.15139
-0.18564
-0.21710
-0.22634
-0.21722
-0.19299
-0.15721
-0.12114
-0.07718
-0.02330
0.03552
0.08907
0.12267
0.16110
0.19841
0.24379
0.29751
0.34239
0.38430
0.41902
0.43899
0.44671
0.45678
0.43672
0.39052
0.34565
0.30981
0.28144
0.24639
0.20705
0.15103
0.08509
0.03501
0.00835
-0.02118
-0.05456
-0.07653
-0.07073
-0.04566
-0.01850
-0.00047
0.00100
0.00748
0.00196
0.00785
0.00600
-0.00132
0.01977
0.04425
0.05565
0.06801
0.09288
0.12329
0.14255
0.13410
0.10843
0.06036
0.01114
-0.03425
-0.07389
-0.11349
-0.15528
-0.19332
-0.22671
-0.23525
-0.22377
-0.20329
-0.17516
-0.15904
-0.15147
-0.16050
-0.17232
-0.17497
-0.18279
-0.18373
-0.18972
-0.18711
-0.17854
-0.16721
-0.15767
-0.15535
-0.14736
-0.13683
-0.13469
-0.13669
-0.13903
-0.14789
-0.15966
-0.16260
-0.16228
-0.15544
-0.15183
-0.13765
-0.09890
-0.06003
-0.02857
-0.00931
0.00314
0.00263
0.01532
0.03906
0.05640
0.06466
0.09218
0.12853
0.15061
0.17245
0.19110
0.20928
0.21017
0.20277
0.18926
0.16004
0.14223
0.13374
0.12871
0.13359
0.12692
0.10739
0.07484
0.05889
0.05941
0.06145
0.06923
0.06718
0.04566
0.02693
0.02450
0.02955
0.03591
0.03570
0.02699
0.00949
-0.01097
-0.03287
-0.04021
-0.04031
-0.03709
-0.03663
-0.03941
-0.04745
-0.06011
-0.06735
-0.05780
-0.03130
-0.00287
0.02949
0.05044
0.07519
0.10547
0.15050
0.19527
0.21891
0.24121
0.25571
0.25991
0.23608
0.19863
0.16186
0.12030
0.08528
0.06790
0.04304
0.00751
-0.01656
-0.04455
-0.07691
-0.09855
-0.11188
-0.12569
-0.13756
-0.14789
-0.15441
-0.15993
-0.16907
-0.17280
-0.16867
-0.17126
-0.16758
-0.15739
-0.14590
-0.12677
-0.09950
-0.08129
-0.07947
-0.06728
-0.04276
-0.03055
-0.03791
-0.06237
-0.10152
-0.12352
-0.12625
-0.11136
-0.08605
-0.06620
-0.05891
-0.06666
-0.07169
-0.06604
-0.05344
-0.04159
-0.03248
-0.02073
-0.00046
0.02737
0.05628
0.07491
0.08333
0.08719
0.09002
0.09018
0.09029
0.09730
0.09778
0.09802
0.10172
0.08237
0.04528
0.00420
-0.04076
-0.07376
-0.10338
-0.13161
-0.14617
-0.14706
-0.13712
-0.12307
-0.10484
-0.09466
-0.08814
-0.08653
-0.08068
-0.06210
-0.04800
-0.03474
-0.00898
0.02023
0.04048
0.06522
0.09306
0.12917
0.17734
0.21808
0.24776
0.26798
0.26834
0.26165
0.26169
0.26064
0.24794
0.22181
0.19732
0.18449
0.17725
0.15287
0.10462
0.06070
0.03614
0.00960
-0.02841
-0.06591
-0.10288
-0.14303
-0.16898
-0.16927
-0.15709
-0.13364
-0.09754
-0.05708
-0.02408
-0.01290
-0.00430
0.01212
0.02908
0.04630
0.04656
0.04293
0.04536
0.04123
0.03468
0.02017
0.01623
0.02199
0.02998
0.04028
0.04623
0.06185
0.08241
0.09503
0.08221
0.05751
0.02096
-0.01293
-0.04000
-0.07290
-0.10141
-0.11773
-0.12177
-0.13517
-0.14503
-0.14764
-0.15230
-0.15263
-0.15054
-0.16056
-0.18215
-0.20407
-0.21480
-0.20772
-0.18342
-0.15965
-0.15031
-0.14416
-0.12800
-0.10433
-0.08647
-0.08004
-0.07010
-0.04444
-0.01926
-0.00937
-0.00500
-0.00330
-0.01310
-0.02686
-0.04279
-0.04301
-0.02928
-0.01859
-0.00298
0.00833
0.01295
0.00898
-0.00643
-0.01447
-0.02747
-0.04709
-0.04780
-0.04195
-0.03799
-0.01349
0.00925
0.03311
0.08838
0.14197
0.18688
0.23393
0.26783
0.28509
0.29893
0.31109
0.32042
0.31706
0.29978
0.27997
0.26133
0.25978
0.25734
0.24024
0.20977
0.17150
0.13269
0.07809
0.04161
0.01164
-0.02431
-0.05278
-0.08330
-0.09711
-0.10944
-0.11560
-0.11806
-0.12107
-0.10899
-0.09104
-0.06624
-0.04864
-0.03009
-0.01905
-0.02657
-0.03387
-0.03566
-0.02482
-0.02857
-0.03417
-0.02344
-0.01874
-0.02533
-0.02794
-0.03229
-0.03170
-0.02545
-0.02862
-0.04223
-0.06588
-0.08090
-0.09234
-0.10055
-0.11005
-0.11087
-0.11197
-0.11855
-0.13146
-0.15078
-0.15730
-0.15024
-0.13358
-0.11881
-0.10300
-0.08210
-0.05738
-0.03215
-0.01109
0.00478
0.02356
0.03799
0.04675
0.06206
0.07708
0.07801
0.07161
0.05951
0.03297
-0.00397
-0.03191
-0.05345
-0.07866
-0.10108
-0.12484
-0.14696
-0.16694
-0.16589
-0.15307
-0.13476
-0.10675
-0.09831
-0.09862
-0.10368
-0.10103
-0.08377
-0.06606
-0.04382
-0.01930
-0.00107
0.01644
0.03774
0.05728
0.08186
0.11509
0.14892
0.17876
0.20180
0.21663
0.23051
0.23154
0.21963
0.20437
0.19809
0.19249
0.18491
0.16918
0.14290
0.11773
0.09715
0.09217
0.09025
0.08589
0.08123
0.07282
0.06279
0.05372
0.04112
0.04414
0.06249
0.07680
0.08095
0.08388
0.07730
0.06535
0.06287
0.06931
0.06512
0.05040
0.03243
0.01284
0.00568
-0.00124
-0.01001
-0.03293
-0.04727
-0.05476
-0.05758
-0.05809
-0.05610
-0.04152
-0.03423
-0.03712
-0.04372
-0.05506
-0.07119
-0.08092
-0.09358
-0.09671
-0.09759
-0.10238
-0.09694
-0.08044
-0.06135
-0.05131
-0.04128
-0.03374
-0.03430
-0.04040
-0.04290
-0.03724
-0.04074
-0.05099
-0.06493
-0.08199
-0.10532
-0.13376
-0.15691
-0.17664
-0.19406
-0.21266
-0.22841
-0.24698
-0.26385
-0.27843
-0.29432
-0.29772
-0.28151
-0.25635
-0.23209
-0.21319
-0.19128
-0.15265
-0.10592
-0.05482
-0.00448
0.04659
0.08733
0.11458
0.14030
0.16701
0.20563
0.24465
0.26927
0.28673
0.31101
0.34197
0.36829
0.37634
0.36407
0.33765
0.31258
0.28996
0.26119
0.22553
0.18947
0.15891
0.13402
0.11067
0.07946
0.05284
0.03160
0.01197
-0.00564
-0.02120
-0.03008
-0.02889
-0.02829
-0.02812
-0.02845
-0.02055
-0.00409
-0.00461
-0.00320
-0.00273
-0.00441
0.00735
0.01733
0.02277
0.02512
0.02252
0.00888
-0.00920
-0.02657
-0.04455
-0.05621
-0.05880
-0.04899
-0.04303
-0.05489
-0.07029
-0.08592
-0.09962
-0.11099
-0.12431
-0.13642
-0.14778
-0.14991
-0.15064
-0.14542
-0.13267
-0.12608
-0.11705
-0.09112
-0.06238
-0.03829
-0.01358
0.01372
0.03612
0.05136
0.05946
0.05373
0.04928
0.04698
0.04215
0.02443
-0.00068
-0.03037
-0.05255
-0.06752
-0.08214
-0.09735
-0.11919
-0.13810
-0.15326
-0.16005
-0.15626
-0.14812
-0.13695
-0.12743
-0.11499
-0.08618
-0.04896
-0.01549
0.01327
0.04213
0.05746
0.07547
0.09333
0.10859
0.12445
0.13744
0.15221
0.16417
0.17855
0.18463
0.18443
0.17342
0.15861
0.13190
0.09731
0.06256
0.03413
0.01952
0.01381
0.01459
0.01936
0.02346
0.02014
0.01932
0.01266
0.01668
0.01765
0.01026
0.01414
0.02449
0.02699
0.02231
0.01958
0.02235
0.03012
0.03007
0.03410
0.03753
0.04438
0.04800
0.03833
0.02692
0.01566
0.01689
0.02191
0.01439
0.00662
0.00329
-0.00523
-0.01451
-0.01632
-0.01047
0.00809
0.02606
0.03530
0.03320
0.03673
0.04761
0.05428
0.05705
0.04116
0.02717
0.01960
0.01887
0.02308
0.02815
0.01714
-0.00834
-0.03381
-0.05933
-0.08756
-0.11069
-0.12204
-0.13270
-0.13353
-0.12704
-0.11569
-0.10737
-0.10188
-0.10110
-0.10589
-0.11176
-0.11660
-0.12883
-0.14344
-0.15819
-0.16642
-0.16950
-0.17332
-0.17303
-0.16579
-0.14372
-0.12424
-0.10318
-0.07764
-0.05053
-0.02473
-0.00859
0.00382
0.02405
0.03946
0.04727
0.04821
0.04815
0.05300
0.06070
0.07061
0.07833
0.08600
0.08862
0.08523
0.07207
0.06491
0.06029
0.04582
0.02820
0.01095
-0.00358
-0.00708
0.00318
0.01220
0.02140
0.03269
0.04080
0.04138
0.04275
0.04896
0.05262
0.05530
0.05556
0.05582
0.06585
0.09408
0.12593
0.14838
0.16565
0.19121
0.21913
0.23419
0.23632
0.22658
0.21276
0.19818
0.17425
0.13949
0.10140
0.06700
0.03397
0.00541
-0.01788
-0.03275
-0.04060
-0.05087
-0.05939
-0.07069
-0.07473
-0.07710
-0.07041
-0.06077
-0.04389
-0.02273
-0.00598
0.01359
0.02164
0.02501
0.02600
0.03100
0.02929
0.01998
-0.00230
-0.02883
-0.04331
-0.04984
-0.04969
-0.05712
-0.07486
-0.09003
-0.10372
-0.10958
-0.11739
-0.13244
-0.15312
-0.17435
-0.18430
-0.20012
-0.21852
-0.23760
-0.25131
-0.25384
-0.24687
-0.23303
-0.21296
-0.19362
-0.17354
-0.14308
-0.11390
-0.08872
-0.05889
-0.02683
0.00567
0.03771
0.06147
0.07424
0.08467
0.09834
0.10464
0.10573
0.10903
0.11169
0.10925
0.10792
0.11014
0.11399
0.11658
0.10812
0.09738
0.08567
0.07372
0.06614
0.06174
0.05705
0.04145
0.02650
0.01347
0.00866
0.00753
0.00137
0.00590
0.01076
0.00740
0.01249
0.02368
0.03168
0.03842
0.04433
0.05140
0.05727
0.06873
0.07462
0.07395
0.07554
0.07702
0.07321
0.07115
0.07090
0.06570
0.05673
0.03940
0.02453
0.00835
-0.00266
-0.00764
-0.00806
-0.00127
0.00678
0.01729
0.02043
0.02679
0.03505
0.03716
0.04552
0.05328
0.05658
0.05737
0.06674
0.07435
0.08417
0.10012
0.10539
0.10317
0.09574
0.10202
0.10736
0.10506
0.10025
0.08786
0.06801
0.04157
0.00816
-0.02874
-0.06193
-0.08632
-0.10739
-0.14328
-0.18042
-0.20216
-0.21815
-0.23409
-0.24384
-0.24922
-0.24073
-0.22734
-0.21413
-0.19908
-0.18144
-0.16581
-0.15508
-0.14285
-0.13196
-0.11070
-0.08693
-0.07155
-0.05320
-0.03377
-0.02140
-0.00991
-0.01032
-0.01397
-0.02133
-0.03750
-0.05485
-0.07035
-0.07855
-0.08651
-0.08729
-0.08010
-0.05799
-0.03215
-0.02022
-0.01294
-0.00739
0.00285
0.01950
0.03173
0.04001
0.04712
0.06268
0.07991
0.08989
0.10203
0.11393
0.12502
0.13061
0.13596
0.13111
0.12179
0.11941
0.11694
0.11954
0.11073
0.09627
0.09119
0.08558
0.07949
0.08072
0.08484
0.09274
0.10398
0.10984
0.10464
0.09846
0.10171
0.10606
0.11066
0.11852
0.12749
0.13828
0.15206
0.16644
0.17186
0.16594
0.16038
0.14831
0.13361
0.11857
0.09922
0.07516
0.05005
0.03138
0.01186
-0.00642
-0.02868
-0.05720
-0.09023
-0.11883
-0.14046
-0.15915
-0.16599
-0.16403
-0.16259
-0.16517
-0.16751
-0.16762
-0.16779
-0.17309
-0.17923
-0.17760
-0.16564
-0.14647
-0.12809
-0.10946
-0.09225
-0.07371
-0.04900
-0.02640
-0.01009
-0.00208
0.00532
0.01248
0.01406
0.01529
0.01579
0.01911
0.01789
0.00991
-0.00027
-0.00643
-0.01127
-0.02102
-0.03807
-0.06270
-0.08596
-0.10630
-0.11319
-0.11049
-0.11095
-0.12210
-0.12913
-0.12686
-0.12939
-0.12726
-0.12015
-0.11200
-0.10025
-0.08991
-0.08163
-0.06727
-0.04156
-0.01023
0.01983
0.05472
0.09070
0.11820
0.13649
0.14598
0.14814
0.15169
0.15313
0.14510
0.13054
0.10795
0.08884
0.07247
0.06065
0.05578
0.05103
0.04143
0.02671
0.01820
0.01598
0.01860
0.01771
0.01634
0.01827
0.02528
0.03713
0.05050
0.06597
0.08802
0.11123
0.12802
0.14230
0.15634
0.17339
0.18551
0.19389
0.19510
0.18288
0.16051
0.14014
0.12321
0.09917
0.07499
0.05328
0.03104
0.00782
-0.01708
-0.04018
-0.06826
-0.09409
-0.11297
-0.12450
-0.12723
-0.12308
-0.11434
-0.10504
-0.09062
-0.07890
-0.06766
-0.06018
-0.05638
-0.04799
-0.03615
-0.02385
-0.01265
-0.00895
-0.00877
-0.01473
-0.02620
-0.03475
-0.04975
-0.06087
-0.06958
-0.07251
-0.07226
-0.07619
-0.08415
-0.09765
-0.10937
-0.12449
-0.13388
-0.14089
-0.15029
-0.15640
-0.15787
-0.15538
-0.15231
-0.14796
-0.14141
-0.13035
-0.10994
-0.09067
-0.07953
-0.06644
-0.05593
-0.04727
-0.03528
-0.02074
-0.01167
-0.00244
0.00862
0.02403
0.03931
0.05193
0.06312
0.06805
0.07464
0.07873
0.08349
0.09019
0.09710
0.10487
0.10976
0.11029
0.11471
0.12390
0.13751
0.15038
0.15588
0.15222
0.14968
0.14590
0.13596
0.12630
0.11570
0.11169
0.10507
0.09785
0.08546
0.07365
0.06798
0.06254
0.05983
0.05699
0.05988
0.06389
0.06223
0.05497
0.05331
0.05583
0.05686
0.05275
0.04505
0.03884
0.03297
0.02800
0.02082
0.01295
0.00060
-0.01304
-0.01967
-0.02744
-0.03460
-0.04043
-0.04904
-0.05512
-0.05639
-0.05550
-0.05918
-0.05999
-0.06591
-0.07158
-0.07228
-0.07066
-0.06590
-0.06529
-0.06170
-0.06091
-0.05883
-0.05394
-0.04763
-0.04163
-0.03636
-0.03379
-0.03753
-0.04403
-0.05317
-0.06401
-0.07743
-0.08718
-0.09443
-0.10033
-0.10412
-0.11141
-0.12245
-0.13733
-0.14796
-0.15079
-0.14711
-0.14181
-0.13644
-0.12372
-0.10905
-0.08894
-0.06709
-0.04873
-0.03392
-0.02285
-0.01360
-0.00616
0.00260
0.01182
0.01769
0.01751
0.01414
0.01393
0.01890
0.02619
0.03269
0.03450
0.03944
0.04038
0.03996
0.04140
0.04486
0.05445
0.06405
0.07463
0.08223
0.08686
0.09053
0.09487
0.09631
0.09761
0.09935
0.10230
0.10483
0.10411
0.10714
0.11400
0.12161
0.12480
0.12351
0.11847
0.10752
0.09815
0.09314
0.09052
0.08272
0.07582
0.07251
0.06936
0.06850
0.06676
0.06228
0.05247
0.04473
0.03734
0.03173
0.02848
0.02635
0.02074
0.01607
0.01374
0.00804
0.00161
-0.00452
-0.00993
-0.00992
-0.00942
-0.01614
-0.02302
-0.02891
-0.03218
-0.04032
-0.05165
-0.06684
-0.08151
-0.08884
-0.09338
-0.09594
-0.10073
-0.10714
-0.10735
-0.10291
-0.09894
-0.09655
-0.10136
-0.10621
-0.10845
-0.10606
-0.09993
-0.09742
-0.09570
-0.09297
-0.08656
-0.07703
-0.06771
-0.05880
-0.05167
-0.04536
-0.03722
-0.02913
-0.02488
-0.02185
-0.01883
-0.01890
-0.01961
-0.01986
-0.01735
-0.01137
-0.01058
-0.01214
-0.01206
-0.00908
-0.00634
-0.00888
-0.01231
-0.01389
-0.01583
-0.02148
-0.02283
-0.02296
-0.02102
-0.01109
-0.00239
0.00570
0.01518
0.02744
0.04121
0.05078
0.05600
0.05944
0.06371
0.06727
0.07343
0.07905
0.08463
0.09192
0.09764
0.10100
0.10295
0.10504
0.10670
0.10959
0.10775
0.10641
0.10796
0.10863
0.10797
0.10249
0.09732
0.09797
0.10043
0.10120
0.09913
0.09314
0.08129
0.06405
0.04510
0.03307
0.02691
0.02020
0.01179
0.00297
-0.00320
-0.00776
-0.01038
-0.01419
-0.01657
-0.01780
-0.02068
-0.02616
-0.03687
-0.04888
-0.05845
-0.06880
-0.07852
-0.09199
-0.10700
-0.11578
-0.11938
-0.11821
-0.11313
-0.10704
-0.10275
-0.09927
-0.09701
-0.09668
-0.09763
-0.09694
-0.09518
-0.08878
-0.07966
-0.07049
-0.06126
-0.05222
-0.04465
-0.04269
-0.04281
-0.04296
-0.04373
-0.04442
-0.04412
-0.04337
-0.04571
-0.04948
-0.05112
-0.05119
-0.05032
-0.05016
-0.05084
-0.05248
-0.05030
-0.04542
-0.04029
-0.03496
-0.02772
-0.01640
-0.00925
-0.00112
0.01036
0.02296
0.03685
0.04975
0.06399
0.07589
0.08663
0.09664
0.10355
0.10641
0.11102
0.11715
0.12100
0.12121
0.11875
0.11776
0.11552
0.11426
0.10977
0.10385
0.09708
0.08891
0.08362
0.08095
0.07996
0.07544
0.06531
0.05281
0.04390
0.03960
0.03677
0.03293
0.02892
0.02360
0.01952
0.01838
0.01679
0.01161
0.00580
0.00324
0.00120
-0.00060
-0.00214
-0.00275
-0.00422
-0.00554
-0.00611
-0.00653
-0.00475
-0.00213
-0.00414
-0.00908
-0.01222
-0.01550
-0.02031
-0.02556
-0.02958
-0.03312
-0.03722
-0.04296
-0.04893
-0.05656
-0.06265
-0.06751
-0.07342
-0.07498
-0.07354
-0.07106
-0.07090
-0.07270
-0.07216
-0.06968
-0.06590
-0.06312
-0.06033
-0.05830
-0.05599
-0.04872
-0.04196
-0.03789
-0.03641
-0.03686
-0.03754
-0.03765
-0.03620
-0.03423
-0.03050
-0.02654
-0.02209
-0.01815
-0.01601
-0.01623
-0.01709
-0.01838
-0.02316
-0.02745
-0.03224
-0.03400
-0.03066
-0.02454
-0.01715
-0.00988
-0.00116
0.00583
0.01410
0.02273
0.02971
0.03528
0.04029
0.04572
0.05013
0.05345
0.05482
0.05393
0.05315
0.05399
0.05200
0.04789
0.04156
0.03488
0.03062
0.02707
0.02427
0.02256
0.02157
0.02092
0.01976
0.02014
0.02426
0.03071
0.03936
0.04721
0.05350
0.05855
0.06356
0.06628
0.06362
0.06090
0.05983
0.05866
0.05604
0.05161
0.04727
0.04331
0.04066
0.03603
0.02878
0.02388
0.02178
0.01974
0.01775
0.01404
0.00933
0.00542
0.00074
-0.00404
-0.01158
-0.01916
-0.02657
-0.03132
-0.03207
-0.03326
-0.03542
-0.03918
-0.04134
-0.04021
-0.03921
-0.04068
-0.04206
-0.04305
-0.04529
-0.04884
-0.05329
-0.05928
-0.06638
-0.07278
-0.07674
-0.07794
-0.07887
-0.07855
-0.07453
-0.06936
-0.06571
-0.06196
-0.05617
-0.04779
-0.03859
-0.02934
-0.02133
-0.01313
-0.00212
0.00750
0.01450
0.01926
0.02082
0.01744
0.01463
0.01423
0.01297
0.01138
0.00804
0.00461
0.00176
-0.00078
-0.00381
-0.00829
-0.01259
-0.01484
-0.01367
-0.00944
-0.00592
-0.00510
-0.00498
-0.00411
-0.00362
-0.00107
0.00386
0.00889
0.01300
0.01809
0.02382
0.03000
0.03491
0.03914
0.04527
0.05127
0.05742
0.06191
0.06791
0.07497
0.08123
0.08376
0.08339
0.08052
0.07635
0.07242
0.06791
0.06215
0.05499
0.04842
0.04119
0.03519
0.02911
0.02440
0.02264
0.02090
0.01777
0.01509
0.01197
0.00888
0.00642
0.00203
-0.00606
-0.01432
-0.02216
-0.03092
-0.03898
-0.04698
-0.05365
-0.05891
-0.06117
-0.06137
-0.05974
-0.05794
-0.05538
-0.05210
-0.04954
-0.04521
-0.04171
-0.03796
-0.03395
-0.02898
-0.02373
-0.01942
-0.01573
-0.01296
-0.00924
-0.00663
-0.00441
-0.00384
-0.00410
-0.00448
-0.00433
-0.00304
-0.00274
-0.00251
-0.00174
-0.00143
-0.00067
-0.00031
-0.00179
-0.00427
-0.00774
-0.01179
-0.01729
-0.02175
-0.02442
-0.02529
-0.02462
-0.02405
-0.02378
-0.02292
-0.02245
-0.02191
-0.02020
-0.01750
-0.01552
-0.01322
-0.01095
-0.00842
-0.00426
-0.00247
-0.00076
0.00025
0.00109
0.00258
0.00411
0.00620
0.00905
0.01190
0.01428
0.01610
0.01670
0.01970
0.02420
0.02794
0.03155
0.03367
0.03433
0.03326
0.03197
0.03218
0.03305
0.03391
0.03440
0.03402
0.03283
0.03151
0.02782
0.02407
0.02139
0.01849
0.01711
0.01735
0.01715
0.01599
0.01415
0.01157
0.01024
0.01041
0.01074
0.01009
0.00814
0.00631
0.00436
0.00321
0.00293
0.00179
0.00021
-0.00329
-0.00667
-0.00825
-0.01019
-0.01198
-0.01273
-0.01453
-0.01701
-0.01958
-0.02186
-0.02254
-0.02375
-0.02392
-0.02299
-0.02175
-0.01937
-0.01581
-0.01195
-0.00905
-0.00650
-0.00532
-0.00317
0.00017
0.00355
0.00685
0.00951
0.01099
0.01048
0.00926
0.00825
0.00688
0.00432
0.00182
-0.00043
-0.00272
-0.00603
-0.01053
-0.01478
-0.01832
-0.02066
-0.02237
-0.02452
-0.02612
-0.02815
-0.02953
-0.02851
-0.02561
-0.02323
-0.02201
-0.01968
-0.01608
-0.01159
-0.00787
-0.00374
0.00103
0.00446
0.00643
0.00726
0.00763
0.00844
0.00943
0.01079
0.01239
0.01325
0.01291
0.01127
0.00824
0.00644
0.00659
0.00541
0.00371
0.00275
0.00273
0.00432
0.00693
0.00838
0.00936
0.01039
0.01074
0.01158
0.01287
0.01426
0.01567
0.01581
0.01517
0.01373
0.01177
0.01089
0.01044
0.01035
0.00974
0.00959
0.00955
0.00998
0.01021
0.00975
0.00894
0.00739
0.00655
0.00536
0.00228
-0.00222
-0.00483
-0.00658
-0.00667
-0.00580
-0.00532
-0.00508
-0.00466
-0.00428
-0.00445
-0.00389
-0.00342
-0.00277
-0.00186
-0.00170
-0.00293
-0.00375
-0.00479
-0.00538
-0.00576
-0.00624
-0.00533
-0.00463
-0.00430
-0.00347
-0.00318
-0.00369
-0.00423
-0.00454
-0.00592
-0.00749
-0.00868
-0.00885
-0.00750
-0.00652
-0.00508
-0.00435
-0.00369
-0.00333
-0.00377
-0.00485
-0.00638
-0.00760
-0.00960
-0.01164
-0.01323
-0.01371
-0.01234
-0.00963
-0.00737
-0.00605
-0.00427
-0.00268
-0.00080
0.00114
0.00262
0.00406
0.00457
0.00567
0.00715
0.00793
0.00836
0.00850
0.00843
0.00792
0.00781
0.00775
0.00757
0.00768
0.00757
0.00668
0.00480
0.00349
0.00322
0.00396
0.00446
0.00431
0.00472
0.00536
0.00537
0.00485
0.00436
0.00404
0.00374
0.00295
0.00255
0.00235
0.00214
0.00262
0.00336
0.00403
0.00439
0.00387
0.00294
0.00231
0.00135
-0.00079
-0.00311
-0.00534
-0.00770
-0.00961
-0.01078
-0.01133
-0.01161
-0.01178
-0.01191
-0.01195
-0.01132
-0.00981
-0.00794
-0.00485
-0.00123
0.00279
0.00686
0.00978
0.01167
0.01241
0.01207
0.01146
0.01102
0.01084
0.01067
0.01023
0.00976
0.00964
0.00969
0.00870
0.00657
0.00370
0.00118
-0.00078
-0.00198
-0.00196
-0.00211
-0.00262
-0.00335
-0.00434
-0.00521
-0.00590
-0.00674
-0.00748
-0.00778
-0.00836
-0.00889
-0.00904
-0.00831
-0.00666
-0.00470
-0.00317
-0.00246
-0.00193
-0.00149
-0.00159
-0.00218
-0.00285
-0.00323
-0.00323
-0.00302
-0.00268
-0.00225
-0.00168
-0.00151
-0.00139
-0.00117
-0.00118
-0.00116
-0.00137
-0.00194
-0.00223
-0.00243
-0.00250
-0.00264
-0.00260
-0.00199
-0.00106
-0.00045
-0.00021
0.00057
0.00147
0.00245
0.00313
0.00338
0.00368
0.00393
0.00411
0.00373
0.00284
0.00226
0.00201
0.00215
0.00232
0.00294
0.00354
0.00365
0.00391
0.00413
0.00431
0.00412
0.00369
0.00285
0.00201
0.00133
0.00077
0.00093
0.00118
0.00107
0.00073
0.00023
-0.00007
-0.00026
-0.00043
-0.00048
-0.00049
-0.00035
-0.00017
-0.00003
0.00014
0.00041
0.00086
0.00116
0.00146
0.00197
0.00230
0.00210
0.00157
0.00118
0.00105
0.00116
0.00099
0.00046
0.00025
0.00043
0.00078
0.00087
0.00074
0.00045
-0.00021
-0.00093
-0.00197
-0.00288
-0.00342
-0.00397
-0.00430
-0.00437
-0.00431
-0.00423
-0.00410
-0.00368
-0.00307
-0.00243
-0.00197
-0.00170
-0.00150
-0.00144
-0.00149
-0.00155
-0.00157
-0.00147
-0.00142
-0.00132
-0.00108
-0.00065
-0.00029
-0.00024
-0.00014
-0.00021
-0.00031
-0.00036
-0.00026
-0.00007
0.00005
0.00030
0.00066
0.00119
0.00193
0.00252
0.00281
0.00289
0.00281
0.00262
0.00223
0.00186
0.00158
0.00125
0.00084
0.00038
0.00001
-0.00021
-0.00051
-0.00087
-0.00106
-0.00123
-0.00135
-0.00127
-0.00117
-0.00102
-0.00078
-0.00056
-0.00034
-0.00017
-0.00003
0.00009
0.00029
0.00058
0.00091
0.00105
0.00113
0.00130
0.00138
0.00138
0.00130
0.00126
0.00122
0.00117
0.00108
0.00096
0.00081
0.00061
0.00042
0.00019
0.00001
-0.00015
-0.00027
-0.00039
-0.00048
-0.00052
-0.00058
-0.00061
-0.00059
-0.00054
-0.00046
-0.00034
-0.00024
-0.00018
-0.00013
-0.00011
-0.00009
-0.00008
